-1793.223876 480.069702 -147.968750 0.000000 32.881393 0.000000
-1734.633789 1040.288696 -148.968750 0.000000 -23.170309 0.000000
-1222.607299 993.494873 -147.968750 0.000000 -120.129364 0.000000
-1229.611206 499.995086 -147.968750 0.000000 162.171691 0.000000
-1732.497558 369.178375 -139.420944 0.000000 0.098667 0.000000
-1135.031250 -214.533218 -148.968780 0.000000 127.595687 0.000000
-1142.227539 380.522796 -148.968917 0.000000 -122.594314 0.000000
-1071.968750 -28.939554 -147.968750 0.000000 -17.958585 0.000000
-514.288330 -173.000015 -147.968750 0.000000 -144.798004 0.000000
-469.031250 -595.938415 34.031250 0.000000 -171.188308 0.000000
-675.031250 -436.031250 -75.734611 0.000000 -162.269073 0.000000
-1076.968750 -440.847747 -147.968750 0.000000 -11.653692 0.000000
-1076.968750 -790.031250 -147.968750 0.000000 0.739868 0.000000
2759.177734 360.968750 -148.968902 0.000000 -83.711006 0.000000
2518.877197 336.994079 -20.950391 0.000000 -116.404579 0.000000
2224.802001 848.972290 -133.877746 0.000000 -115.394134 0.000000
1877.271118 858.968750 6.350059 0.000000 -95.908798 0.000000
1679.685913 968.968750 -148.774887 0.000000 -100.411010 0.000000
1255.031250 456.968750 -96.968750 0.000000 -85.297012 0.000000
1195.203857 310.979187 -21.968750 0.000000 176.037307 0.000000
839.031250 456.968750 -147.968750 0.000000 -65.036125 0.000000
839.031250 56.968738 -147.968750 0.000000 -9.468110 0.000000
839.031250 105.892807 -53.968750 0.000000 34.260681 0.000000
1666.969360 -128.968734 -85.968750 0.000000 152.369689 0.000000
1322.968750 -192.000015 -147.968750 0.000000 -156.522308 0.000000
1305.801513 -411.968750 -147.968750 0.000000 130.801315 0.000000
871.031250 -192.031265 -147.968750 0.000000 -46.869117 0.000000
871.031250 -411.968750 -147.968750 0.000000 16.302747 0.000000
1043.968750 -475.031250 -147.968750 0.000000 -115.198226 0.000000
1448.968750 -826.968750 -147.968750 0.000000 136.614791 0.000000
1512.031250 -1047.968750 -148.968887 0.000000 86.275955 0.000000
1577.431884 -504.031250 -148.968887 0.000000 -41.649471 0.000000
1854.448608 -514.048217 -28.297203 0.000000 -86.758018 0.000000
2033.662597 -504.031250 -148.968750 0.000000 -98.885711 0.000000
2496.968750 -948.735778 -148.968872 0.000000 173.628753 0.000000
1169.968750 -1231.031250 -147.968750 0.000000 -166.808914 0.000000
966.031250 -1430.738159 -147.968750 0.000000 94.377304 0.000000
819.968750 -1456.968750 -147.968750 0.000000 103.122970 0.000000
877.774597 -1408.590332 -53.968750 0.000000 110.148056 0.000000
472.031250 -1231.031250 -147.968750 0.000000 -15.538673 0.000000
555.885986 -475.031250 -147.968750 0.000000 -155.738098 0.000000
417.968750 -411.968750 -147.968750 0.000000 173.403625 0.000000
-390.545623 -411.968750 -147.968750 0.000000 52.648200 0.000000
-211.968734 -411.968750 -147.968750 0.000000 0.433418 0.000000
-304.968750 -477.229431 -148.968750 0.000000 -51.123378 0.000000
196.968734 -1121.031250 -102.968750 0.000000 -151.792236 0.000000
196.968734 -1451.968750 -102.968750 0.000000 131.672424 0.000000
-398.703704 -1313.731323 -148.968750 0.000000 67.081100 0.000000
-762.031250 408.968750 -147.968750 0.000000 -174.738540 0.000000
-1071.968750 408.968750 -137.968750 0.000000 -30.073480 0.000000
-375.031250 250.968750 -98.968750 0.000000 -102.592552 0.000000
-379.736419 -115.968734 -98.968750 0.000000 76.954643 0.000000
108.968734 -132.121795 -147.124053 0.000000 148.167037 0.000000
79.031257 463.968750 -136.342086 0.000000 -49.349018 0.000000
537.962890 735.007995 -148.968750 0.000000 -84.326538 0.000000
734.655883 646.149475 83.947212 0.000000 -93.574157 0.000000
776.968750 254.238632 -5.968750 0.000000 168.915878 0.000000
775.968750 -127.782348 -132.098495 0.000000 117.904922 0.000000
-326.968750 972.968750 -75.968750 0.000000 -50.658103 0.000000
456.968750 1297.031250 -74.976295 0.000000 112.076042 0.000000
454.968750 1297.031250 85.031250 0.000000 122.556297 0.000000
440.998657 1928.968750 -12.350420 0.000000 -97.402511 0.000000
435.961578 2009.756225 117.031250 0.000000 -91.761726 0.000000
78.214012 2209.734619 -74.979103 0.000000 -94.982902 0.000000
-405.846527 2219.423339 -74.979103 0.000000 -51.639808 0.000000
-185.031265 1632.031250 -75.968750 0.000000 119.647537 0.000000
145.031250 2168.194580 -73.968750 0.000000 0.279646 0.000000
1027.703002 2072.239501 -44.968750 0.000000 163.923873 0.000000
888.518310 1669.031250 -59.968750 0.000000 55.650764 0.000000
1294.750000 2004.968750 3.031250 0.000000 -110.845123 0.000000
1020.031250 1605.968750 -60.978935 0.000000 -52.640548 0.000000
521.031250 964.358215 -59.968750 0.000000 1.754266 0.000000
956.968750 1483.487304 -59.968750 0.000000 173.421478 0.000000
591.724426 2004.000000 3.031250 0.000000 -75.167762 0.000000
806.968750 2004.000000 -59.968750 0.000000 -146.731384 0.000000
-808.759704 862.412353 -43.570510 0.000000 -108.236679 0.000000
1975.690795 840.696289 -148.968765 0.000000 -61.697986 0.000000
