311.031250 2670.336669 106.031250 0.000000 -65.999359 0.000000
556.968750 2756.968750 106.031250 0.000000 -136.098236 0.000000
309.031250 2751.000000 160.328430 0.000000 -28.735319 0.000000
723.031250 2728.968750 180.015441 0.000000 -93.852905 0.000000
1044.031250 2818.859130 142.347412 0.000000 -56.914043 0.000000
1044.031250 3048.968750 178.008819 0.000000 -75.936927 0.000000
1736.099487 1815.031250 69.924919 0.000000 152.213821 0.000000
1000.968750 2376.968750 47.912643 0.000000 -163.907760 0.000000
567.031250 2376.968750 39.770423 0.000000 -68.953346 0.000000
106.011291 2517.997802 -116.968750 0.000000 -37.888374 0.000000
94.107757 2362.090332 -116.968750 0.000000 -29.242576 0.000000
272.824127 2536.968750 -116.968750 0.000000 -90.208740 0.000000
-52.716564 2007.031250 -114.268737 0.000000 51.741664 0.000000
-76.859718 2256.682373 -106.913040 0.000000 -51.458984 0.000000
-171.283401 2007.031250 -110.344726 0.000000 164.060012 0.000000
-349.231628 1689.565307 -116.340087 0.000000 167.848480 0.000000
-568.968750 1690.031250 -95.574150 0.000000 77.481636 0.000000
-486.968750 1572.881591 -101.096054 0.000000 -28.376970 0.000000
-279.031250 1509.031250 -114.428604 0.000000 155.022140 0.000000
-591.031250 1335.031250 -101.968750 0.000000 172.218811 0.000000
-759.976745 1365.031250 -101.968750 0.000000 38.528621 0.000000
-591.031250 1512.968750 -101.968750 0.000000 -149.415023 0.000000
-880.023254 1359.031250 -101.968750 0.000000 179.762130 0.000000
-1158.968750 1512.968750 -61.860771 0.000000 -30.041400 0.000000
-1228.341918 1254.968750 116.023384 0.000000 -156.591796 0.000000
-1391.530273 1247.968750 42.031250 0.000000 -159.270111 0.000000
-1754.400756 1341.466918 62.031250 0.000000 -157.685241 0.000000
-2184.968750 1253.990600 62.031250 0.000000 -8.504912 0.000000
-2184.968750 1071.031250 42.031250 0.000000 40.757831 0.000000
-1589.031250 983.031250 42.031250 0.000000 136.238906 0.000000
-2152.968750 1815.031250 43.023971 0.000000 67.804420 0.000000
-2192.968750 2104.031250 44.761924 0.000000 64.652351 0.000000
-2192.968750 2191.011718 17.486351 0.000000 -14.606505 0.000000
-2137.498046 2408.968750 20.998828 0.000000 -13.781248 0.000000
-1911.031250 3036.968750 116.015441 0.000000 -91.768432 0.000000
-2084.968750 3112.968750 42.031250 0.000000 -64.803382 0.000000
-1626.764404 2609.031250 14.350208 0.000000 131.009918 0.000000
-1382.637084 2757.031250 23.332141 0.000000 165.586013 0.000000
-1367.031250 2559.968750 15.389760 0.000000 -121.568405 0.000000
-1377.031250 2103.031250 28.297441 0.000000 153.975219 0.000000
-1704.968750 1623.031250 34.751502 0.000000 86.260261 0.000000
-1764.716552 1822.524536 21.155887 0.000000 4.652639 0.000000
-1202.357055 2074.031250 34.126747 0.000000 109.922332 0.000000
-520.968750 1073.009155 -39.656429 0.000000 -71.724510 0.000000
-696.364074 480.558837 20.729866 0.000000 -6.307114 0.000000
-616.968750 616.968750 40.940361 0.000000 -55.542713 0.000000
-616.968750 696.968750 122.031250 0.000000 -44.691314 0.000000
-488.968750 -244.381225 12.031250 0.000000 -70.384666 0.000000
392.968750 -695.031250 20.761453 0.000000 175.679183 0.000000
392.968750 -840.968750 41.824775 0.000000 176.896957 0.000000
-151.031250 -989.968750 100.813308 0.000000 154.936325 0.000000
-584.968750 -989.968750 186.138885 0.000000 27.607152 0.000000
-863.000000 -673.031250 168.081283 0.000000 -11.724658 0.000000
-872.968750 -945.968750 172.632568 0.000000 24.765697 0.000000
-983.031250 -992.968750 175.155303 0.000000 167.453094 0.000000
-1128.968750 -992.968750 177.304687 0.000000 69.360488 0.000000
-1128.968750 -183.031265 169.255584 0.000000 -77.122596 0.000000
-1476.297363 -988.968750 160.259048 0.000000 140.082000 0.000000
-2152.968750 -711.031250 169.023971 0.000000 -15.939642 0.000000
-2174.968750 -888.968750 162.404022 0.000000 27.085729 0.000000
-1013.890441 -301.012908 158.117630 0.000000 -134.876052 0.000000
-2048.968750 -151.031250 45.422019 0.000000 -64.749771 0.000000
-2048.968750 311.031250 36.034812 0.000000 44.694347 0.000000
-2018.541625 528.353393 42.023880 0.000000 -68.808647 0.000000
-1908.234741 614.906494 42.031250 0.000000 -36.453720 0.000000
-1271.031250 151.031250 24.787363 0.000000 126.429420 0.000000
-1271.031250 304.968750 18.836120 0.000000 -173.140060 0.000000
-1378.562255 20.996063 33.643806 0.000000 113.987342 0.000000
-1530.031250 -104.968734 43.406951 0.000000 101.836982 0.000000
-1335.031250 458.968750 26.122573 0.000000 -160.023391 0.000000
-1385.031250 578.206115 42.031250 0.000000 -141.488250 0.000000
35.780136 1576.968750 10.031250 0.000000 -126.840789 0.000000
384.968750 1367.031250 10.031250 0.000000 118.275413 0.000000
480.968750 1474.031250 10.031250 0.000000 131.603302 0.000000
423.031250 1768.968750 10.031250 0.000000 -80.770713 0.000000
488.968719 1768.968750 10.031250 0.000000 -155.361801 0.000000
919.031250 2039.031250 21.986837 0.000000 34.370010 0.000000
923.031250 1192.968750 50.139225 0.000000 -83.341430 0.000000
692.968750 1192.968750 31.266773 0.000000 -92.528251 0.000000
