-2328.133056 1009.111022 490.031250 0.000000 -28.588985 0.000000
-1855.345703 317.607910 490.031250 0.000000 138.418365 0.000000
-1632.478393 439.809906 482.031250 0.000000 147.335174 0.000000
-2239.031250 1400.968750 366.031250 0.000000 -118.241539 0.000000
-2402.176757 1411.933959 366.031250 0.000000 -43.258537 0.000000
-2143.277099 940.065856 266.031250 0.000000 -153.139114 0.000000
-2224.968750 697.264953 266.031250 0.000000 41.481826 0.000000
-2044.834960 506.439361 266.031250 0.000000 22.681455 0.000000
-1834.750244 426.530395 266.031250 0.000000 126.856292 0.000000
-1758.338745 337.262573 266.031250 0.000000 52.053237 0.000000
-2699.697021 -880.082946 442.031250 0.000000 -33.115253 0.000000
-2570.094970 -471.031250 442.031250 0.000000 -36.091621 0.000000
-2712.968750 -216.968734 442.031250 0.000000 64.738388 0.000000
-3236.098632 -690.180969 498.031250 0.000000 -113.196022 0.000000
-1365.635986 -2395.531982 346.031250 0.000000 152.471359 0.000000
-1540.968750 -2123.706298 346.031250 0.000000 -11.765952 0.000000
-441.409271 -2651.434570 162.031265 0.000000 157.099990 0.000000
-680.968750 -2099.429199 162.031265 0.000000 -39.490055 0.000000
-953.837951 -1463.372070 154.031265 0.000000 16.257164 0.000000
-1275.613403 -1072.968750 10.031258 0.000000 98.450912 0.000000
-878.500122 -605.962890 106.031257 0.000000 179.557174 0.000000
-1151.137817 -108.870368 108.031257 0.000000 35.098476 0.000000
-234.058837 -579.405456 138.031250 0.000000 -159.432998 0.000000
-192.183364 -352.752044 138.031250 0.000000 -175.212921 0.000000
-824.414489 479.221801 106.031257 0.000000 -141.662994 0.000000
-1334.302612 -95.383903 71.172485 0.000000 106.043777 0.000000
-1700.441406 -301.572784 138.031250 0.000000 106.311592 0.000000
-1817.517089 120.370979 138.031250 0.000000 -134.172637 0.000000
-2189.885253 203.459823 138.031250 0.000000 19.858840 0.000000
-1958.625244 351.550506 114.031257 0.000000 111.397422 0.000000
-1811.182006 -476.920288 138.031250 0.000000 -113.694282 0.000000
-1837.068603 -859.761657 138.031250 0.000000 126.432807 0.000000
-2152.968750 -885.208618 138.031250 0.000000 -17.945411 0.000000
-1881.065917 -944.031250 138.031250 0.000000 -105.571487 0.000000
-1860.109741 -1332.643798 250.031265 0.000000 156.340576 0.000000
-2246.975585 767.089660 601.342895 0.000000 -122.643135 0.000000
-1918.369384 851.618347 490.031250 0.000000 -137.575729 0.000000
-2863.634521 -1064.816406 459.171447 0.000000 -20.578960 0.000000
-2576.968750 -616.968750 442.031250 0.000000 29.705268 0.000000
-2850.067138 -39.347206 458.511657 0.000000 42.378616 0.000000
-3140.684082 479.273132 489.853881 0.000000 -54.577674 0.000000
-3235.031250 -332.550354 542.003723 0.000000 138.564819 0.000000
-3479.031250 -511.545989 512.453857 0.000000 -121.804626 0.000000
-3424.904296 -1097.265258 516.024047 0.000000 -108.514305 0.000000
-3520.422363 -2481.426269 486.216888 0.000000 79.023384 0.000000
-2814.130615 -2931.200439 486.878143 0.000000 85.706840 0.000000
-2160.604980 -2444.335693 482.611267 0.000000 -71.278564 0.000000
-1834.343261 -2147.555908 482.914276 0.000000 -145.223327 0.000000
-2868.797851 -1614.080200 454.188812 0.000000 48.203674 0.000000
-3141.198974 -1082.919189 535.996582 0.000000 -8.832584 0.000000
-1313.539794 -3237.974365 298.171844 0.000000 43.161758 0.000000
-1431.330322 -3103.010009 296.478393 0.000000 40.266559 0.000000
-132.546615 -1881.742065 159.553573 0.000000 -93.650085 0.000000
-517.392028 367.218109 32.402950 0.000000 -67.208999 0.000000
-1718.521362 111.143981 116.753273 0.000000 35.032772 0.000000
-1807.480712 1299.804809 366.155426 0.000000 -116.930770 0.000000
-1871.799804 963.985778 365.347961 0.000000 142.677658 0.000000
-2085.812500 -1221.091308 437.031250 0.000000 -123.651397 0.000000
