-1148.968750 -1290.968750 -85.968742 0.000000 49.968349 0.000000
-1148.211425 -536.422485 -85.968742 0.000000 -19.527322 0.000000
-878.968750 -80.968742 26.031259 0.000000 34.067619 0.000000
-755.031250 359.031250 26.031259 0.000000 119.590888 0.000000
-579.031250 583.031250 42.031257 0.000000 167.733856 0.000000
-583.658264 936.968750 50.031257 0.000000 -125.634475 0.000000
-871.031250 1132.165283 -205.968734 0.000000 177.894409 0.000000
66.446983 1720.968750 -93.968742 0.000000 -111.461624 0.000000
127.344268 1259.749389 -205.968734 0.000000 90.707717 0.000000
830.579711 1788.968750 -205.968734 0.000000 -105.023040 0.000000
1005.204284 1448.330688 -205.968734 0.000000 56.283569 0.000000
981.973327 1744.031250 -237.968734 0.000000 -9.205224 0.000000
1496.497070 1449.604003 -205.968734 0.000000 163.583618 0.000000
1364.968750 1228.083740 -205.968734 0.000000 122.023948 0.000000
1359.020263 1113.390747 -205.968734 0.000000 -107.020767 0.000000
1496.968750 656.985900 -205.968734 0.000000 179.882232 0.000000
1190.842529 584.968750 -205.968734 0.000000 -39.989711 0.000000
1095.415405 584.968750 -205.968734 0.000000 -129.508010 0.000000
520.236267 716.994018 -205.968734 0.000000 -98.456375 0.000000
285.742156 744.968750 50.031257 0.000000 -56.220035 0.000000
-872.968750 715.350280 -85.968742 0.000000 3.991741 0.000000
-397.687011 598.249572 -205.968734 0.000000 -34.601470 0.000000
-102.596549 37.769260 -205.968734 0.000000 -157.624099 0.000000
423.666778 260.785125 -154.642761 0.000000 -51.955459 0.000000
407.031250 -418.031250 -211.968734 0.000000 -35.303470 0.000000
475.301879 -484.192962 42.031257 0.000000 63.735149 0.000000
1969.951904 -1043.486572 -313.968750 0.000000 143.692657 0.000000
1648.968750 -860.980285 -313.968750 0.000000 -177.063629 0.000000
1464.737060 -990.626892 -313.968750 0.000000 -18.413187 0.000000
1981.216430 -1111.031250 -273.968750 0.000000 -154.917190 0.000000
1952.411621 -1448.968750 -273.968750 0.000000 107.676940 0.000000
1962.013793 -1527.978027 -313.968750 0.000000 174.296600 0.000000
62.258285 -1275.532714 -290.642761 0.000000 50.092121 0.000000
-99.371940 -1292.719848 -101.294731 0.000000 30.854307 0.000000
664.871582 -1018.136779 -349.968750 0.000000 176.619964 0.000000
1253.384521 -1029.983520 -300.968750 0.000000 97.967811 0.000000
1071.651489 -583.031250 -211.968734 0.000000 -118.202835 0.000000
407.031250 -654.482055 -211.968734 0.000000 50.299995 0.000000
280.855102 -1305.299682 -290.642791 0.000000 4.799188 0.000000
248.186187 207.277023 -154.642745 0.000000 -178.004547 0.000000
543.582519 318.560089 -205.968734 0.000000 114.434875 0.000000
1051.951416 214.234130 -205.968734 0.000000 179.898895 0.000000
952.968750 -376.968750 -179.968734 0.000000 114.231369 0.000000
1608.073608 -145.434097 -205.968734 0.000000 -13.883524 0.000000
1635.898315 236.458221 -205.968734 0.000000 -5.074689 0.000000
618.747741 210.016464 34.705249 0.000000 -172.751495 0.000000
301.016998 229.926605 34.705261 0.000000 -10.661128 0.000000
233.786361 -142.733566 -211.389999 0.000000 4.477737 0.000000
-343.031250 -337.113433 -207.968750 0.000000 -174.448394 0.000000
-740.968750 -329.248199 -207.968750 0.000000 0.375377 0.000000
-880.116394 -230.078186 34.031250 0.000000 5.332552 0.000000
-492.968750 -1002.841857 -341.968750 0.000000 9.346069 0.000000
1163.384887 -1030.476928 -142.336654 0.000000 178.210952 0.000000
1112.434814 -1291.879760 -349.968750 0.000000 -0.536666 0.000000
579.660888 -1535.568603 -349.968750 0.000000 0.226509 0.000000
